2011 01 02 03 30
2011 01 06 19 42
2011 01 07 12 34
2011 01 08 06 03
2011 01 08 20 56
2011 01 11 22 19
2011 01 16 11 36
2011 01 18 07 50
2011 01 20 20 50
2011 01 26 22 34
2011 01 27 06 01
2011 02 01 07 17
2011 02 10 09 45
2011 02 11 16 00
2011 02 11 16 53
2011 02 19 01 15
2011 02 21 01 37
2011 02 23 10 44
2011 02 23 17 37
2011 02 24 03 17
2011 02 24 04 52
2011 02 28 12 31
2011 03 01 15 51
2011 03 03 04 39
2011 03 09 10 36
2011 03 13 15 14
2011 03 18 17 13
2011 04 02 14 51
2011 04 03 08 48
2011 04 05 23 27
2011 04 06 04 50
2011 04 07 07 22
2011 04 09 10 22
2011 04 15 05 19
2011 04 20 00 35
2011 04 20 01 35
2011 04 20 10 47
2011 04 28 10 44
2011 05 03 02 09
2011 05 06 00 48
2011 05 07 09 46
2011 05 08 17 26
2011 05 10 19 29
2011 05 15 08 55
2011 05 15 20 45
2011 05 17 10 40
2011 05 20 00 38
2011 05 20 04 15
2011 06 03 10 37
2011 06 06 02 17
2011 06 08 06 53
2011 06 11 03 56
2011 06 11 20 57
2011 06 14 01 43
2011 06 14 10 25
2011 06 16 23 34
2011 07 02 11 39
2011 07 06 15 16
2011 07 23 23 55
2011 07 28 14 23
2011 08 01 20 53
2011 08 11 09 36
2011 08 11 17 28
2011 08 12 08 15
2011 08 14 07 52
2011 08 15 13 52
2011 08 17 08 58
2011 08 18 02 38
2011 08 19 07 08
2011 08 20 21 26
2011 08 22 03 13
2011 08 24 09 07
2011 08 25 21 24
2011 09 08 01 39
2011 09 14 15 31
2011 09 17 11 01
2011 09 20 01 55
2011 09 20 12 19
2011 09 21 07 06
2011 09 22 08 43
2011 09 24 02 01
2011 09 25 20 53
2011 10 02 23 26
2011 10 15 17 54
2011 10 15 19 22
2011 10 18 00 30
2011 10 19 08 12
2011 10 21 01 59
2011 10 23 07 59
2011 10 24 20 37
2011 10 28 08 09
2011 11 02 05 34
2011 11 03 21 58
2011 11 08 14 32
2011 11 13 22 14
2011 11 24 12 12
2011 11 25 22 40
2011 11 26 18 47
2011 12 03 00 48
2011 12 07 06 41
2011 12 22 18 02
2011 12 26 06 43
2011 12 28 17 56
2012 01 06 00 43
2012 01 10 22 42
2012 01 11 11 19
2012 01 14 01 21
2012 01 16 08 40
2012 01 19 21 17
2012 02 02 02 48
2012 02 05 13 00
2012 02 07 13 42
2012 02 08 06 09
2012 02 23 01 08
2012 02 25 04 40
2012 02 25 11 03
2012 03 01 11 46
2012 03 01 23 32
2012 03 04 22 24
2012 03 06 20 54
2012 03 09 23 20
2012 03 14 03 03
2012 03 20 04 06
2012 03 23 03 26
2012 03 23 14 21
2012 03 26 02 09
2012 04 15 16 44
2012 04 16 19 15
2012 04 20 12 39
2012 04 21 11 02
2012 04 21 23 59
2012 05 06 20 50
2012 05 08 19 20
2012 05 16 11 00
2012 05 19 03 57
2012 05 22 07 05
2012 05 22 11 39
2012 06 02 12 18
2012 06 04 14 12
2012 06 05 11 13
2012 06 06 00 18
2012 06 06 02 35
2012 06 07 18 41
2012 06 12 07 48
2012 06 13 18 31
2012 06 15 10 47
2012 06 17 14 18
2012 06 18 15 24
2012 06 18 20 28
2012 06 18 21 13
2012 06 20 04 57
2012 06 20 18 06
2012 06 23 10 05
2012 07 01 19 43
2012 07 02 01 04
2012 07 16 07 35
2012 07 16 22 08
2012 07 18 05 09
2012 07 19 14 19
2012 08 15 02 49
2012 08 16 21 54
2012 08 22 13 05
2012 08 24 00 41
2012 08 24 02 37
2012 08 25 09 03
2012 08 26 16 40
2012 08 28 18 52
2012 09 03 14 48
2012 09 06 04 19
2012 09 07 06 00
2012 09 07 20 03
2012 09 08 16 31
2012 09 08 19 31
2012 09 20 12 50
2012 09 20 21 31
2012 09 26 11 22
2012 09 27 06 29
2012 09 28 21 47
2012 10 04 17 51
2012 10 13 12 43
2012 10 23 09 27
2012 11 02 02 46
2012 11 10 14 19
2012 11 14 10 41
2012 11 18 04 20
2012 11 18 17 23
2012 11 20 10 33
2012 11 20 23 16
2012 11 21 00 18
2012 11 23 07 37
2012 11 24 00 56
2012 11 24 10 51
2012 11 24 13 09
2012 11 27 08 38
2012 11 27 22 34
2012 11 28 06 36
2012 12 03 14 03
2012 12 05 22 58
2012 12 08 09 42
2012 12 11 12 51
2012 12 17 14 25
2012 12 27 09 00
2013 01 07 07 08
2013 02 05 01 15
2013 02 12 22 27
2013 02 21 19 55
2013 02 24 07 05
2013 02 27 19 40
2013 03 01 13 43
2013 03 05 15 54
2013 03 05 21 00
2013 03 06 22 33
2013 03 09 08 02
2013 03 09 20 32
2013 03 09 21 59
2013 03 19 17 05
2013 03 23 07 43
2013 03 25 19 12
2013 04 01 07 12
2013 04 05 09 01
2013 04 11 00 55
2013 04 12 16 08
2013 04 13 09 55
2013 04 14 20 22
2013 04 17 06 46
2013 04 23 10 30
2013 04 24 20 34
2013 04 25 16 48
2013 04 27 19 27
2013 05 04 21 09
2013 05 05 03 52
2013 05 11 01 08
2013 05 13 15 11
2013 05 18 08 16
2013 05 20 20 50
2013 05 26 17 40
2013 05 28 02 21
2013 06 02 14 05
2013 06 03 14 55
2013 06 05 17 40
2013 06 06 16 51
2013 06 09 02 30
2013 06 10 06 26
2013 06 14 14 46
2013 06 16 14 43
2013 06 17 22 29
2013 06 25 22 56
2013 07 07 03 40
2013 07 08 01 39
2013 07 08 16 27
2013 07 10 02 16
2013 07 14 01 00
2013 07 16 13 24
2013 07 16 23 39
2013 07 18 17 12
2013 07 19 15 24
2013 07 22 08 34
2013 07 23 22 21
2013 08 01 07 49
2013 08 02 18 39
2013 08 04 12 16
2013 08 09 07 32
2013 08 10 04 17
2013 08 13 11 40
2013 08 21 08 26
2013 08 23 08 54
2013 08 27 01 04
2013 09 04 16 58
2013 09 09 07 15
2013 09 11 09 30
2013 09 13 15 20
2013 09 15 18 08
2013 10 06 20 58
2013 10 08 18 58
2013 10 11 02 11
2013 10 13 07 27
2013 10 17 20 07
2013 10 18 03 14
2013 10 20 02 21
2013 10 25 01 28
2013 10 25 01 39
2013 11 03 06 22
2013 11 04 10 48
2013 11 09 22 43
2013 11 12 11 31
2013 11 14 23 01
2013 11 16 06 21
2013 11 16 14 47
2013 11 16 15 21
2013 11 22 22 44
2013 11 23 13 11
2013 11 24 13 29
2013 11 25 08 06
2013 12 01 02 21
2013 12 03 15 05
2013 12 07 11 42
2013 12 15 03 54
2013 12 16 01 04
2013 12 20 12 25
2013 12 25 05 57
2014 01 03 10 49
2014 01 05 13 31
2014 01 19 18 34
2014 01 20 18 02
2014 01 23 10 28
2014 01 23 14 36
2014 01 24 23 54
2014 01 27 10 50
2014 02 02 02 32
2014 02 04 22 16
2014 02 06 08 30
2014 02 07 19 51
2014 02 08 08 18
2014 02 13 08 05
2014 02 19 17 55
2014 02 28 09 42
2014 03 02 03 31
2014 03 04 18 48
2014 03 08 23 37
2014 03 15 07 18
2014 03 17 16 24
2014 03 19 20 22
2014 03 25 02 45
2014 03 25 23 23
2014 04 10 18 41
2014 04 19 04 49
2014 04 21 08 21
2014 04 25 05 37
2014 04 28 17 13
2014 05 01 00 55
2014 05 02 20 38
2014 05 03 09 39
2014 05 07 03 21
2014 05 07 17 18
2014 05 11 07 41
2014 05 11 13 54
2014 05 11 16 54
2014 05 11 19 28
2014 05 14 23 53
2014 05 18 21 10
2014 05 19 11 35
2014 05 28 15 14
2014 05 28 18 15
2014 06 01 09 50
2014 06 01 17 06
2014 06 01 19 31
2014 06 03 22 58
2014 06 05 07 31
2014 06 06 06 25
2014 06 07 05 33
2014 06 07 23 32
2014 06 09 22 53
2014 06 12 02 44
2014 06 12 07 17
2014 06 15 06 18
2014 06 15 23 49
2014 06 19 19 19
2014 06 22 18 11
2014 06 23 11 00
2014 06 26 15 00
2014 07 11 15 12
2014 07 13 09 23
2014 07 20 06 07
2014 07 20 15 46
2014 07 25 00 54
2014 07 26 08 10
2014 08 09 03 50
2014 08 09 16 59
2014 08 09 20 03
2014 08 10 20 47
2014 08 18 17 08
2014 08 21 02 00
2014 08 25 10 49
2014 09 02 05 11
2014 09 14 05 58
2014 09 16 03 51
2014 09 22 22 44
2014 09 27 01 16
2014 10 09 18 53
2014 10 10 22 56
2014 10 13 22 29
2014 10 13 22 39
2014 10 21 10 49
2014 10 25 02 28
2014 10 27 19 42
2014 11 02 16 46
2014 11 07 02 30
2014 11 08 09 26
2014 11 10 13 44
2014 11 15 03 34
2014 11 15 03 49
2014 11 18 04 21
2014 11 18 06 12
2014 11 18 14 04
2014 11 25 20 38
2014 11 27 06 15
2014 12 05 08 49
2014 12 09 01 12
2014 12 09 13 04
2014 12 10 18 00
2014 12 11 06 16
2014 12 11 21 53
2014 12 13 01 45
2014 12 14 18 30
2014 12 19 07 04
2014 12 21 12 37
2014 12 25 05 45
2014 12 26 00 32
2014 12 26 14 49
2014 12 27 01 44
2014 12 27 15 38
2015 01 02 10 21
2015 01 06 15 47
2015 01 13 03 19
2015 01 14 16 58
2015 01 16 01 08
2015 01 16 12 03
2015 01 23 16 38
2015 01 26 20 08
2015 02 06 12 24
2015 02 11 05 27
2015 02 12 10 24
2015 02 13 00 03
2015 02 15 18 33
2015 02 19 12 59
2015 02 20 03 06
2015 02 22 12 37
2015 02 27 08 38
2015 03 03 10 59
2015 03 06 06 49
2015 03 07 12 53
2015 03 07 16 02
2015 03 10 04 16
2015 03 18 09 03
2015 03 18 20 51
2015 03 24 00 14
2015 03 24 05 01
2015 04 10 12 26
2015 04 11 03 43
2015 04 11 23 25
2015 04 17 01 40
2015 04 17 04 10
2015 04 21 04 44
2015 04 23 02 30
2015 04 23 11 10
2015 04 23 21 00
2015 05 06 12 17
2015 05 06 18 26
2015 05 09 13 32
2015 05 09 15 08
2015 05 14 02 31
2015 05 18 03 16
2015 05 20 01 45
2015 05 27 13 03
2015 06 02 19 40
2015 06 09 23 10
2015 06 17 01 42
2015 06 17 14 20
2015 06 18 05 26
2015 06 21 19 17
2015 06 26 04 04
2015 06 27 20 25
2015 07 06 21 40
2015 07 15 12 51
2015 07 22 17 44
2015 08 05 21 10
2015 08 14 18 52
2015 08 16 12 04
2015 08 17 09 51
2015 08 20 16 07
2015 08 24 11 53
2015 08 25 19 29
2015 08 26 20 36
2015 08 28 09 04
2015 09 02 05 06
2015 09 02 17 57
2015 09 04 21 53
2015 09 07 04 00
2015 09 28 22 43
2015 10 02 22 52
2015 10 03 14 31
2015 10 07 16 44
2015 10 15 12 10
2015 10 16 20 39
2015 10 17 18 58
2015 10 24 19 29
2015 10 27 00 28
2015 10 28 00 02
2015 11 09 05 55
2015 11 13 07 30
2015 11 13 21 03
2015 11 15 18 09
2015 11 22 14 43
2015 12 01 09 19
2015 12 04 13 02
2015 12 05 08 33
2015 12 09 22 08
2015 12 17 13 12
2015 12 19 09 46
2015 12 22 16 47
