2016 01 01 14 07
2016 01 14 07 22
2016 01 15 05 25
2016 01 17 19 10
2016 01 18 00 10
2016 01 18 05 42
2016 01 18 19 22
2016 01 21 23 23
2016 01 23 03 39
2016 01 25 00 21
2016 01 25 06 58
2016 02 01 18 17
2016 02 02 08 39
2016 02 06 20 04
2016 02 08 11 59
2016 02 14 20 56
2016 03 04 09 54
2016 03 07 15 46
2016 03 10 06 28
2016 03 13 13 30
2016 03 14 09 37
2016 03 22 02 44
2016 03 24 03 53
2016 04 08 05 48
2016 04 08 06 15
2016 04 08 07 47
2016 04 18 12 02
2016 04 23 15 29
2016 04 26 18 54
2016 04 26 21 12
2016 04 28 05 55
2016 05 07 20 11
2016 05 10 05 42
2016 05 12 08 44
2016 05 13 05 40
2016 05 20 04 33
2016 05 21 11 17
2016 05 22 01 40
2016 05 22 07 08
2016 05 24 09 31
2016 06 01 13 12
2016 06 04 16 39
2016 06 05 17 22
2016 06 10 16 22
2016 06 14 21 37
2016 06 19 15 05
2016 06 21 00 24
2016 06 24 03 21
2016 07 10 10 54
2016 07 11 21 25
2016 07 12 05 20
2016 07 12 22 08
2016 07 14 06 56
2016 07 17 22 37
2016 07 18 08 47
2016 08 01 13 32
2016 08 02 21 08
2016 08 05 03 43
2016 08 10 10 54
2016 08 12 08 28
2016 08 15 03 17
2016 08 16 07 05
2016 08 16 09 05
2016 08 16 10 41
2016 08 22 09 35
2016 08 25 08 05
2016 08 25 13 58
2016 08 25 21 46
2016 08 26 21 59
2016 08 27 16 20
2016 08 27 19 22
2016 09 02 04 14
2016 09 03 14 28
2016 09 04 10 19
2016 09 09 06 41
2016 09 11 14 03
2016 09 12 03 22
2016 09 15 12 44
2016 09 24 07 20
2016 09 28 06 03
2016 10 04 16 06
2016 10 05 02 26
2016 10 05 07 03
2016 10 07 20 40
2016 10 21 21 22
2016 11 05 13 25
2016 11 07 23 13
2016 11 08 15 14
2016 11 09 18 24
2016 11 11 23 20
2016 11 12 18 44
2016 11 21 21 12
2016 11 22 19 50
2016 11 24 19 22
2016 11 26 06 18
2016 11 26 19 13
2016 12 04 03 23
2016 12 08 17 25
2016 12 09 12 04
2016 12 12 10 02
2016 12 18 15 47
2016 12 20 01 54
2016 12 25 15 49
