2016 01 02 04 51
2016 01 20 08 18
2016 01 25 11 42
2016 02 01 17 07
2016 02 09 08 15
2016 03 15 20 15
2016 04 12 13 51
2016 04 23 07 56
2016 04 27 09 57
2016 05 22 05 13
2016 05 22 18 43
2016 05 27 22 17
2016 06 04 16 37
2016 06 24 15 20
2016 07 13 23 50
2016 07 14 09 04
2016 07 20 10 11
2016 07 23 22 54
2016 08 02 23 53
2016 08 07 03 54
2016 08 07 21 21
2016 08 12 22 21
2016 08 17 18 20
2016 09 01 13 01
2016 09 26 16 01
2016 09 27 02 51
2016 10 02 09 05
2016 10 03 20 14
2016 10 10 12 18
2016 11 07 17 02
2016 11 12 04 05
2016 11 12 16 11
2016 11 21 06 25
2016 12 10 02 54
2016 12 26 20 52
